-1.000000 0.076900
-0.990000 0.364323
-0.980000 0.575033
-0.970000 0.721583
-0.960000 0.815047
-0.950000 0.865148
-0.940000 0.880383
-0.930000 0.868135
-0.920000 0.834782
-0.910000 0.785796
-0.900000 0.725831
-0.890000 0.658812
-0.880000 0.588012
-0.870000 0.516122
-0.860000 0.445322
-0.850000 0.377339
-0.840000 0.313505
-0.830000 0.254808
-0.820000 0.201937
-0.810000 0.155328
-0.800000 0.115200
-0.790000 0.081590
-0.780000 0.054388
-0.770000 0.033358
-0.760000 0.018173
-0.750000 0.008428
-0.740000 0.003667
-0.730000 0.003394
-0.720000 0.007094
-0.710000 0.014244
-0.700000 0.024322
-0.690000 0.036818
-0.680000 0.051243
-0.670000 0.067135
-0.660000 0.084063
-0.650000 0.101631
-0.640000 0.119482
-0.630000 0.137299
-0.620000 0.154807
-0.610000 0.171772
-0.600000 0.188000
-0.590000 0.203340
-0.580000 0.217678
-0.570000 0.230937
-0.560000 0.243076
-0.550000 0.254085
-0.540000 0.263985
-0.530000 0.272823
-0.520000 0.280670
-0.510000 0.287617
-0.500000 0.293773
-0.490000 0.299262
-0.480000 0.304220
-0.470000 0.308789
-0.460000 0.313120
-0.450000 0.317365
-0.440000 0.321675
-0.430000 0.326202
-0.420000 0.331090
-0.410000 0.336479
-0.400000 0.342500
-0.390000 0.349272
-0.380000 0.356905
-0.370000 0.365494
-0.360000 0.375119
-0.350000 0.385848
-0.340000 0.397732
-0.330000 0.410804
-0.320000 0.425082
-0.310000 0.440569
-0.300000 0.457250
-0.290000 0.475093
-0.280000 0.494052
-0.270000 0.514065
-0.260000 0.535056
-0.250000 0.556935
-0.240000 0.579600
-0.230000 0.602938
-0.220000 0.626823
-0.210000 0.651124
-0.200000 0.675700
-0.190000 0.700403
-0.180000 0.725082
-0.170000 0.749582
-0.160000 0.773745
-0.150000 0.797413
-0.140000 0.820430
-0.130000 0.842641
-0.120000 0.863896
-0.110000 0.884049
-0.100000 0.902960
-0.090000 0.920499
-0.080000 0.936542
-0.070000 0.950977
-0.060000 0.963702
-0.050000 0.974627
-0.040000 0.983674
-0.030000 0.990778
-0.020000 0.995889
-0.010000 0.998970
0.000000 1.000000
0.010000 0.998970
0.020000 0.995889
0.030000 0.990778
0.040000 0.983674
0.050000 0.974627
0.060000 0.963702
0.070000 0.950977
0.080000 0.936542
0.090000 0.920499
0.100000 0.902960
0.110000 0.884049
0.120000 0.863896
0.130000 0.842641
0.140000 0.820430
0.150000 0.797413
0.160000 0.773745
0.170000 0.749582
0.180000 0.725082
0.190000 0.700403
0.200000 0.675700
0.210000 0.651124
0.220000 0.626823
0.230000 0.602938
0.240000 0.579600
0.250000 0.556935
0.260000 0.535056
0.270000 0.514065
0.280000 0.494052
0.290000 0.475093
0.300000 0.457250
0.310000 0.440569
0.320000 0.425082
0.330000 0.410804
0.340000 0.397732
0.350000 0.385848
0.360000 0.375119
0.370000 0.365494
0.380000 0.356905
0.390000 0.349272
0.400000 0.342500
0.410000 0.336479
0.420000 0.331090
0.430000 0.326202
0.440000 0.321675
0.450000 0.317365
0.460000 0.313120
0.470000 0.308789
0.480000 0.304220
0.490000 0.299262
0.500000 0.293773
0.510000 0.287617
0.520000 0.280670
0.530000 0.272823
0.540000 0.263985
0.550000 0.254085
0.560000 0.243076
0.570000 0.230937
0.580000 0.217678
0.590000 0.203340
0.600000 0.188000
0.610000 0.171772
0.620000 0.154807
0.630000 0.137299
0.640000 0.119482
0.650000 0.101631
0.660000 0.084063
0.670000 0.067135
0.680000 0.051243
0.690000 0.036818
0.700000 0.024322
0.710000 0.014244
0.720000 0.007094
0.730000 0.003394
0.740000 0.003667
0.750000 0.008428
0.760000 0.018173
0.770000 0.033358
0.780000 0.054388
0.790000 0.081590
0.800000 0.115200
0.810000 0.155328
0.820000 0.201937
0.830000 0.254808
0.840000 0.313505
0.850000 0.377339
0.860000 0.445322
0.870000 0.516122
0.880000 0.588012
0.890000 0.658812
0.900000 0.725831
0.910000 0.785796
0.920000 0.834782
0.930000 0.868135
0.940000 0.880383
0.950000 0.865148
0.960000 0.815047
0.970000 0.721583
0.980000 0.575033
0.990000 0.364323
