-1.000000 0.071884
-0.990000 0.079016
-0.980000 0.083712
-0.970000 0.086590
-0.960000 0.088168
-0.950000 0.088874
-0.940000 0.089058
-0.930000 0.089003
-0.920000 0.088927
-0.910000 0.089001
-0.900000 0.089347
-0.890000 0.090051
-0.880000 0.091164
-0.870000 0.092712
-0.860000 0.094698
-0.850000 0.097108
-0.840000 0.099913
-0.830000 0.103074
-0.820000 0.106546
-0.810000 0.110277
-0.800000 0.114214
-0.790000 0.118304
-0.780000 0.122495
-0.770000 0.126739
-0.760000 0.130988
-0.750000 0.135205
-0.740000 0.139353
-0.730000 0.143406
-0.720000 0.147340
-0.710000 0.151141
-0.700000 0.154801
-0.690000 0.158318
-0.680000 0.161699
-0.670000 0.164954
-0.660000 0.168101
-0.650000 0.171163
-0.640000 0.174169
-0.630000 0.177152
-0.620000 0.180149
-0.610000 0.183200
-0.600000 0.186349
-0.590000 0.189642
-0.580000 0.193126
-0.570000 0.196849
-0.560000 0.200860
-0.550000 0.205209
-0.540000 0.209942
-0.530000 0.215106
-0.520000 0.220747
-0.510000 0.226906
-0.500000 0.233623
-0.490000 0.240935
-0.480000 0.248874
-0.470000 0.257469
-0.460000 0.266744
-0.450000 0.276719
-0.440000 0.287409
-0.430000 0.298825
-0.420000 0.310970
-0.410000 0.323844
-0.400000 0.337443
-0.390000 0.351753
-0.380000 0.366759
-0.370000 0.382440
-0.360000 0.398767
-0.350000 0.415709
-0.340000 0.433228
-0.330000 0.451284
-0.320000 0.469829
-0.310000 0.488813
-0.300000 0.508181
-0.290000 0.527875
-0.280000 0.547834
-0.270000 0.567992
-0.260000 0.588282
-0.250000 0.608636
-0.240000 0.628980
-0.230000 0.649243
-0.220000 0.669349
-0.210000 0.689225
-0.200000 0.708795
-0.190000 0.727984
-0.180000 0.746718
-0.170000 0.764924
-0.160000 0.782529
-0.150000 0.799462
-0.140000 0.815657
-0.130000 0.831046
-0.120000 0.845568
-0.110000 0.859163
-0.100000 0.871774
-0.090000 0.883349
-0.080000 0.893840
-0.070000 0.903203
-0.060000 0.911399
-0.050000 0.918394
-0.040000 0.924158
-0.030000 0.928666
-0.020000 0.931900
-0.010000 0.933846
0.000000 0.934495
0.010000 0.933846
0.020000 0.931900
0.030000 0.928666
0.040000 0.924158
0.050000 0.918394
0.060000 0.911399
0.070000 0.903203
0.080000 0.893840
0.090000 0.883349
0.100000 0.871774
0.110000 0.859163
0.120000 0.845568
0.130000 0.831046
0.140000 0.815657
0.150000 0.799462
0.160000 0.782529
0.170000 0.764924
0.180000 0.746718
0.190000 0.727984
0.200000 0.708795
0.210000 0.689225
0.220000 0.669349
0.230000 0.649243
0.240000 0.628980
0.250000 0.608636
0.260000 0.588282
0.270000 0.567992
0.280000 0.547834
0.290000 0.527875
0.300000 0.508181
0.310000 0.488813
0.320000 0.469829
0.330000 0.451284
0.340000 0.433228
0.350000 0.415709
0.360000 0.398767
0.370000 0.382440
0.380000 0.366759
0.390000 0.351753
0.400000 0.337443
0.410000 0.323844
0.420000 0.310970
0.430000 0.298825
0.440000 0.287409
0.450000 0.276719
0.460000 0.266744
0.470000 0.257469
0.480000 0.248874
0.490000 0.240935
0.500000 0.233623
0.510000 0.226906
0.520000 0.220747
0.530000 0.215106
0.540000 0.209942
0.550000 0.205209
0.560000 0.200860
0.570000 0.196849
0.580000 0.193126
0.590000 0.189642
0.600000 0.186349
0.610000 0.183200
0.620000 0.180149
0.630000 0.177152
0.640000 0.174169
0.650000 0.171163
0.660000 0.168101
0.670000 0.164954
0.680000 0.161699
0.690000 0.158318
0.700000 0.154801
0.710000 0.151141
0.720000 0.147340
0.730000 0.143406
0.740000 0.139353
0.750000 0.135205
0.760000 0.130988
0.770000 0.126739
0.780000 0.122495
0.790000 0.118304
0.800000 0.114214
0.810000 0.110277
0.820000 0.106546
0.830000 0.103074
0.840000 0.099913
0.850000 0.097108
0.860000 0.094698
0.870000 0.092712
0.880000 0.091164
0.890000 0.090051
0.900000 0.089347
0.910000 0.089001
0.920000 0.088927
0.930000 0.089003
0.940000 0.089058
0.950000 0.088874
0.960000 0.088168
0.970000 0.086590
0.980000 0.083712
0.990000 0.079016
